2020/11/02-19:25:42.564606 7f95af2ea700 RocksDB version: 5.14.2
2020/11/02-19:25:42.564647 7f95af2ea700 Git sha rocksdb_build_git_sha:
2020/11/02-19:25:42.564650 7f95af2ea700 Compile date Jul  6 2018
2020/11/02-19:25:42.564652 7f95af2ea700 DB SUMMARY
2020/11/02-19:25:42.564744 7f95af2ea700 CURRENT file:  CURRENT
2020/11/02-19:25:42.564747 7f95af2ea700 IDENTITY file:  IDENTITY
2020/11/02-19:25:42.564753 7f95af2ea700 MANIFEST file:  MANIFEST-000259 size: 5367 Bytes
2020/11/02-19:25:42.564755 7f95af2ea700 SST files in /opt/dremio/data/db/catalog dir, Total Num: 34, files: 000060.sst 000063.sst 000064.sst 000074.sst 000085.sst 000089.sst 000091.sst 000111.sst 000134.sst 
2020/11/02-19:25:42.564757 7f95af2ea700 Write Ahead Log file in /opt/dremio/data/db/catalog: 000263.log size: 0 ; 
2020/11/02-19:25:42.564761 7f95af2ea700                         Options.error_if_exists: 0
2020/11/02-19:25:42.564762 7f95af2ea700                       Options.create_if_missing: 1
2020/11/02-19:25:42.564763 7f95af2ea700                         Options.paranoid_checks: 1
2020/11/02-19:25:42.564764 7f95af2ea700                                     Options.env: 0x7f9582155060
2020/11/02-19:25:42.564765 7f95af2ea700                                Options.info_log: 0x7f95ab919bf0
2020/11/02-19:25:42.564766 7f95af2ea700                Options.max_file_opening_threads: 16
2020/11/02-19:25:42.564767 7f95af2ea700                              Options.statistics: (nil)
2020/11/02-19:25:42.564769 7f95af2ea700                               Options.use_fsync: 0
2020/11/02-19:25:42.564770 7f95af2ea700                       Options.max_log_file_size: 0
2020/11/02-19:25:42.564771 7f95af2ea700                  Options.max_manifest_file_size: 18446744073709551615
2020/11/02-19:25:42.564772 7f95af2ea700                   Options.log_file_time_to_roll: 0
2020/11/02-19:25:42.564773 7f95af2ea700                       Options.keep_log_file_num: 1000
2020/11/02-19:25:42.564774 7f95af2ea700                    Options.recycle_log_file_num: 0
2020/11/02-19:25:42.564775 7f95af2ea700                         Options.allow_fallocate: 1
2020/11/02-19:25:42.564776 7f95af2ea700                        Options.allow_mmap_reads: 0
2020/11/02-19:25:42.564777 7f95af2ea700                       Options.allow_mmap_writes: 0
2020/11/02-19:25:42.564779 7f95af2ea700                        Options.use_direct_reads: 0
2020/11/02-19:25:42.564780 7f95af2ea700                        Options.use_direct_io_for_flush_and_compaction: 0
2020/11/02-19:25:42.564781 7f95af2ea700          Options.create_missing_column_families: 0
2020/11/02-19:25:42.564782 7f95af2ea700                              Options.db_log_dir: 
2020/11/02-19:25:42.564783 7f95af2ea700                                 Options.wal_dir: /opt/dremio/data/db/catalog
2020/11/02-19:25:42.564784 7f95af2ea700                Options.table_cache_numshardbits: 6
2020/11/02-19:25:42.564785 7f95af2ea700                      Options.max_subcompactions: 1
2020/11/02-19:25:42.564786 7f95af2ea700                  Options.max_background_flushes: -1
2020/11/02-19:25:42.564787 7f95af2ea700                         Options.WAL_ttl_seconds: 300
2020/11/02-19:25:42.564788 7f95af2ea700                       Options.WAL_size_limit_MB: 0
2020/11/02-19:25:42.564789 7f95af2ea700             Options.manifest_preallocation_size: 4194304
2020/11/02-19:25:42.564790 7f95af2ea700                     Options.is_fd_close_on_exec: 1
2020/11/02-19:25:42.564792 7f95af2ea700                   Options.advise_random_on_open: 1
2020/11/02-19:25:42.564793 7f95af2ea700                    Options.db_write_buffer_size: 0
2020/11/02-19:25:42.564794 7f95af2ea700                    Options.write_buffer_manager: 0x7f95ab99d400
2020/11/02-19:25:42.564795 7f95af2ea700         Options.access_hint_on_compaction_start: 1
2020/11/02-19:25:42.564796 7f95af2ea700  Options.new_table_reader_for_compaction_inputs: 0
2020/11/02-19:25:42.564797 7f95af2ea700           Options.random_access_max_buffer_size: 1048576
2020/11/02-19:25:42.564798 7f95af2ea700                      Options.use_adaptive_mutex: 0
2020/11/02-19:25:42.564799 7f95af2ea700                            Options.rate_limiter: (nil)
2020/11/02-19:25:42.564811 7f95af2ea700     Options.sst_file_manager.rate_bytes_per_sec: 0
2020/11/02-19:25:42.564812 7f95af2ea700                       Options.wal_recovery_mode: 2
2020/11/02-19:25:42.564814 7f95af2ea700                  Options.enable_thread_tracking: 0
2020/11/02-19:25:42.564815 7f95af2ea700                  Options.enable_pipelined_write: 0
2020/11/02-19:25:42.564816 7f95af2ea700         Options.allow_concurrent_memtable_write: 1
2020/11/02-19:25:42.564817 7f95af2ea700      Options.enable_write_thread_adaptive_yield: 1
2020/11/02-19:25:42.564818 7f95af2ea700             Options.write_thread_max_yield_usec: 100
2020/11/02-19:25:42.564819 7f95af2ea700            Options.write_thread_slow_yield_usec: 3
2020/11/02-19:25:42.564820 7f95af2ea700                               Options.row_cache: None
2020/11/02-19:25:42.564821 7f95af2ea700                              Options.wal_filter: None
2020/11/02-19:25:42.564822 7f95af2ea700             Options.avoid_flush_during_recovery: 0
2020/11/02-19:25:42.564823 7f95af2ea700             Options.allow_ingest_behind: 0
2020/11/02-19:25:42.564824 7f95af2ea700             Options.preserve_deletes: 0
2020/11/02-19:25:42.564825 7f95af2ea700             Options.two_write_queues: 0
2020/11/02-19:25:42.564826 7f95af2ea700             Options.manual_wal_flush: 0
2020/11/02-19:25:42.564827 7f95af2ea700             Options.max_background_jobs: 2
2020/11/02-19:25:42.564828 7f95af2ea700             Options.max_background_compactions: -1
2020/11/02-19:25:42.564829 7f95af2ea700             Options.avoid_flush_during_shutdown: 0
2020/11/02-19:25:42.564830 7f95af2ea700           Options.writable_file_max_buffer_size: 1048576
2020/11/02-19:25:42.564832 7f95af2ea700             Options.delayed_write_rate : 16777216
2020/11/02-19:25:42.564833 7f95af2ea700             Options.max_total_wal_size: 0
2020/11/02-19:25:42.564834 7f95af2ea700             Options.delete_obsolete_files_period_micros: 21600000000
2020/11/02-19:25:42.564835 7f95af2ea700                   Options.stats_dump_period_sec: 600
2020/11/02-19:25:42.564836 7f95af2ea700                          Options.max_open_files: -1
2020/11/02-19:25:42.564837 7f95af2ea700                          Options.bytes_per_sync: 0
2020/11/02-19:25:42.564838 7f95af2ea700                      Options.wal_bytes_per_sync: 0
2020/11/02-19:25:42.564839 7f95af2ea700       Options.compaction_readahead_size: 0
2020/11/02-19:25:42.564840 7f95af2ea700 Compression algorithms supported:
2020/11/02-19:25:42.564842 7f95af2ea700 	kZSTDNotFinalCompression supported: 1
2020/11/02-19:25:42.564843 7f95af2ea700 	kZSTD supported: 1
2020/11/02-19:25:42.564845 7f95af2ea700 	kXpressCompression supported: 0
2020/11/02-19:25:42.564846 7f95af2ea700 	kLZ4HCCompression supported: 1
2020/11/02-19:25:42.564847 7f95af2ea700 	kLZ4Compression supported: 1
2020/11/02-19:25:42.564848 7f95af2ea700 	kBZip2Compression supported: 1
2020/11/02-19:25:42.564850 7f95af2ea700 	kZlibCompression supported: 1
2020/11/02-19:25:42.564851 7f95af2ea700 	kSnappyCompression supported: 1
2020/11/02-19:25:42.564853 7f95af2ea700 Fast CRC32 supported: Not supported on x86
2020/11/02-19:25:42.565063 7f95af2ea700 [db/version_set.cc:3085] Recovering from manifest file: MANIFEST-000259
2020/11/02-19:25:42.565135 7f95af2ea700 [db/column_family.cc:475] --------------- Options for column family [default]:
2020/11/02-19:25:42.565138 7f95af2ea700               Options.comparator: leveldb.BytewiseComparator
2020/11/02-19:25:42.565139 7f95af2ea700           Options.merge_operator: None
2020/11/02-19:25:42.565141 7f95af2ea700        Options.compaction_filter: None
2020/11/02-19:25:42.565142 7f95af2ea700        Options.compaction_filter_factory: None
2020/11/02-19:25:42.565143 7f95af2ea700         Options.memtable_factory: SkipListFactory
2020/11/02-19:25:42.565144 7f95af2ea700            Options.table_factory: BlockBasedTable
2020/11/02-19:25:42.565170 7f95af2ea700            table_factory options:   flush_block_policy_factory: FlushBlockBySizePolicyFactory (0x7f95ab673690)
  cache_index_and_filter_blocks: 0
  cache_index_and_filter_blocks_with_high_priority: 0
  pin_l0_filter_and_index_blocks_in_cache: 0
  index_type: 0
  hash_index_allow_collision: 1
  checksum: 1
  no_block_cache: 0
  block_cache: 0x7f95ab8c78e0
  block_cache_name: LRUCache
  block_cache_options:
    capacity : 8388608
    num_shard_bits : 4
    strict_capacity_limit : 0
    high_pri_pool_ratio: 0.000
  block_cache_compressed: (nil)
  persistent_cache: (nil)
  block_size: 4096
  block_size_deviation: 10
  block_restart_interval: 16
  index_block_restart_interval: 1
  metadata_block_size: 4096
  partition_filters: 0
  use_delta_encoding: 1
  filter_policy: nullptr
  whole_key_filtering: 1
  verify_compression: 0
  read_amp_bytes_per_bit: 0
  format_version: 2
  enable_index_compression: 1
  block_align: 0
2020/11/02-19:25:42.565180 7f95af2ea700        Options.write_buffer_size: 67108864
2020/11/02-19:25:42.565182 7f95af2ea700  Options.max_write_buffer_number: 2
2020/11/02-19:25:42.565183 7f95af2ea700          Options.compression: Snappy
2020/11/02-19:25:42.565185 7f95af2ea700                  Options.bottommost_compression: Disabled
2020/11/02-19:25:42.565186 7f95af2ea700       Options.prefix_extractor: nullptr
2020/11/02-19:25:42.565187 7f95af2ea700   Options.memtable_insert_with_hint_prefix_extractor: nullptr
2020/11/02-19:25:42.565188 7f95af2ea700             Options.num_levels: 7
2020/11/02-19:25:42.565189 7f95af2ea700        Options.min_write_buffer_number_to_merge: 1
2020/11/02-19:25:42.565190 7f95af2ea700     Options.max_write_buffer_number_to_maintain: 0
2020/11/02-19:25:42.565191 7f95af2ea700            Options.compression_opts.window_bits: -14
2020/11/02-19:25:42.565192 7f95af2ea700                  Options.compression_opts.level: -1
2020/11/02-19:25:42.565193 7f95af2ea700               Options.compression_opts.strategy: 0
2020/11/02-19:25:42.565194 7f95af2ea700         Options.compression_opts.max_dict_bytes: 0
2020/11/02-19:25:42.565195 7f95af2ea700         Options.compression_opts.zstd_max_train_bytes: 0
2020/11/02-19:25:42.565197 7f95af2ea700      Options.level0_file_num_compaction_trigger: 4
2020/11/02-19:25:42.565198 7f95af2ea700          Options.level0_slowdown_writes_trigger: 20
2020/11/02-19:25:42.565199 7f95af2ea700              Options.level0_stop_writes_trigger: 36
2020/11/02-19:25:42.565200 7f95af2ea700                   Options.target_file_size_base: 67108864
2020/11/02-19:25:42.565201 7f95af2ea700             Options.target_file_size_multiplier: 1
2020/11/02-19:25:42.565202 7f95af2ea700                Options.max_bytes_for_level_base: 268435456
2020/11/02-19:25:42.565203 7f95af2ea700 Options.level_compaction_dynamic_level_bytes: 0
2020/11/02-19:25:42.565204 7f95af2ea700          Options.max_bytes_for_level_multiplier: 10.000000
2020/11/02-19:25:42.565207 7f95af2ea700 Options.max_bytes_for_level_multiplier_addtl[0]: 1
2020/11/02-19:25:42.565208 7f95af2ea700 Options.max_bytes_for_level_multiplier_addtl[1]: 1
2020/11/02-19:25:42.565209 7f95af2ea700 Options.max_bytes_for_level_multiplier_addtl[2]: 1
2020/11/02-19:25:42.565210 7f95af2ea700 Options.max_bytes_for_level_multiplier_addtl[3]: 1
2020/11/02-19:25:42.565211 7f95af2ea700 Options.max_bytes_for_level_multiplier_addtl[4]: 1
2020/11/02-19:25:42.565212 7f95af2ea700 Options.max_bytes_for_level_multiplier_addtl[5]: 1
2020/11/02-19:25:42.565213 7f95af2ea700 Options.max_bytes_for_level_multiplier_addtl[6]: 1
2020/11/02-19:25:42.565214 7f95af2ea700       Options.max_sequential_skip_in_iterations: 8
2020/11/02-19:25:42.565216 7f95af2ea700                    Options.max_compaction_bytes: 1677721600
2020/11/02-19:25:42.565217 7f95af2ea700                        Options.arena_block_size: 8388608
2020/11/02-19:25:42.565218 7f95af2ea700   Options.soft_pending_compaction_bytes_limit: 68719476736
2020/11/02-19:25:42.565219 7f95af2ea700   Options.hard_pending_compaction_bytes_limit: 274877906944
2020/11/02-19:25:42.565220 7f95af2ea700       Options.rate_limit_delay_max_milliseconds: 100
2020/11/02-19:25:42.565221 7f95af2ea700                Options.disable_auto_compactions: 0
2020/11/02-19:25:42.565227 7f95af2ea700                        Options.compaction_style: kCompactionStyleLevel
2020/11/02-19:25:42.565229 7f95af2ea700                          Options.compaction_pri: kByCompensatedSize
2020/11/02-19:25:42.565230 7f95af2ea700 Options.compaction_options_universal.size_ratio: 1
2020/11/02-19:25:42.565231 7f95af2ea700 Options.compaction_options_universal.min_merge_width: 2
2020/11/02-19:25:42.565233 7f95af2ea700 Options.compaction_options_universal.max_merge_width: 4294967295
2020/11/02-19:25:42.565234 7f95af2ea700 Options.compaction_options_universal.max_size_amplification_percent: 200
2020/11/02-19:25:42.565235 7f95af2ea700 Options.compaction_options_universal.compression_size_percent: -1
2020/11/02-19:25:42.565236 7f95af2ea700 Options.compaction_options_universal.stop_style: kCompactionStopStyleTotalSize
2020/11/02-19:25:42.565237 7f95af2ea700 Options.compaction_options_fifo.max_table_files_size: 1073741824
2020/11/02-19:25:42.565238 7f95af2ea700 Options.compaction_options_fifo.allow_compaction: 0
2020/11/02-19:25:42.565239 7f95af2ea700 Options.compaction_options_fifo.ttl: 0
2020/11/02-19:25:42.565240 7f95af2ea700                   Options.table_properties_collectors: 
2020/11/02-19:25:42.565241 7f95af2ea700                   Options.inplace_update_support: 0
2020/11/02-19:25:42.565243 7f95af2ea700                 Options.inplace_update_num_locks: 10000
2020/11/02-19:25:42.565244 7f95af2ea700               Options.memtable_prefix_bloom_size_ratio: 0.000000
2020/11/02-19:25:42.565245 7f95af2ea700   Options.memtable_huge_page_size: 0
2020/11/02-19:25:42.565246 7f95af2ea700                           Options.bloom_locality: 0
2020/11/02-19:25:42.565247 7f95af2ea700                    Options.max_successive_merges: 0
2020/11/02-19:25:42.565249 7f95af2ea700                Options.optimize_filters_for_hits: 0
2020/11/02-19:25:42.565250 7f95af2ea700                Options.paranoid_file_checks: 0
2020/11/02-19:25:42.565251 7f95af2ea700                Options.force_consistency_checks: 0
2020/11/02-19:25:42.565252 7f95af2ea700                Options.report_bg_io_stats: 0
2020/11/02-19:25:42.565253 7f95af2ea700                               Options.ttl: 0
2020/11/02-19:25:42.565317 7f95af2ea700 [db/column_family.cc:475] --------------- Options for column family [metadata-multi-splits]:
2020/11/02-19:25:42.565320 7f95af2ea700               Options.comparator: leveldb.BytewiseComparator
2020/11/02-19:25:42.565322 7f95af2ea700           Options.merge_operator: None
2020/11/02-19:25:42.565323 7f95af2ea700        Options.compaction_filter: None
2020/11/02-19:25:42.565324 7f95af2ea700        Options.compaction_filter_factory: None
2020/11/02-19:25:42.565325 7f95af2ea700         Options.memtable_factory: SkipListFactory
2020/11/02-19:25:42.565326 7f95af2ea700            Options.table_factory: BlockBasedTable
2020/11/02-19:25:42.565346 7f95af2ea700            table_factory options:   flush_block_policy_factory: FlushBlockBySizePolicyFactory (0x7f95ab673750)
  cache_index_and_filter_blocks: 0
  cache_index_and_filter_blocks_with_high_priority: 0
  pin_l0_filter_and_index_blocks_in_cache: 0
  index_type: 0
  hash_index_allow_collision: 1
  checksum: 1
  no_block_cache: 0
  block_cache: 0x7f95ab9181f0
  block_cache_name: LRUCache
  block_cache_options:
    capacity : 8388608
    num_shard_bits : 4
    strict_capacity_limit : 0
    high_pri_pool_ratio: 0.000
  block_cache_compressed: (nil)
  persistent_cache: (nil)
  block_size: 4096
  block_size_deviation: 10
  block_restart_interval: 16
  index_block_restart_interval: 1
  metadata_block_size: 4096
  partition_filters: 0
  use_delta_encoding: 1
  filter_policy: nullptr
  whole_key_filtering: 1
  verify_compression: 0
  read_amp_bytes_per_bit: 0
  format_version: 2
  enable_index_compression: 1
  block_align: 0
2020/11/02-19:25:42.565348 7f95af2ea700        Options.write_buffer_size: 67108864
2020/11/02-19:25:42.565349 7f95af2ea700  Options.max_write_buffer_number: 2
2020/11/02-19:25:42.565350 7f95af2ea700          Options.compression: Snappy
2020/11/02-19:25:42.565351 7f95af2ea700                  Options.bottommost_compression: Disabled
2020/11/02-19:25:42.565359 7f95af2ea700       Options.prefix_extractor: nullptr
2020/11/02-19:25:42.565361 7f95af2ea700   Options.memtable_insert_with_hint_prefix_extractor: nullptr
2020/11/02-19:25:42.565362 7f95af2ea700             Options.num_levels: 7
2020/11/02-19:25:42.565363 7f95af2ea700        Options.min_write_buffer_number_to_merge: 1
2020/11/02-19:25:42.565364 7f95af2ea700     Options.max_write_buffer_number_to_maintain: 0
2020/11/02-19:25:42.565365 7f95af2ea700            Options.compression_opts.window_bits: -14
2020/11/02-19:25:42.565366 7f95af2ea700                  Options.compression_opts.level: -1
2020/11/02-19:25:42.565367 7f95af2ea700               Options.compression_opts.strategy: 0
2020/11/02-19:25:42.565368 7f95af2ea700         Options.compression_opts.max_dict_bytes: 0
2020/11/02-19:25:42.565369 7f95af2ea700         Options.compression_opts.zstd_max_train_bytes: 0
2020/11/02-19:25:42.565371 7f95af2ea700      Options.level0_file_num_compaction_trigger: 4
2020/11/02-19:25:42.565372 7f95af2ea700          Options.level0_slowdown_writes_trigger: 20
2020/11/02-19:25:42.565373 7f95af2ea700              Options.level0_stop_writes_trigger: 36
2020/11/02-19:25:42.565374 7f95af2ea700                   Options.target_file_size_base: 67108864
2020/11/02-19:25:42.565375 7f95af2ea700             Options.target_file_size_multiplier: 1
2020/11/02-19:25:42.565376 7f95af2ea700                Options.max_bytes_for_level_base: 268435456
2020/11/02-19:25:42.565377 7f95af2ea700 Options.level_compaction_dynamic_level_bytes: 0
2020/11/02-19:25:42.565378 7f95af2ea700          Options.max_bytes_for_level_multiplier: 10.000000
2020/11/02-19:25:42.565380 7f95af2ea700 Options.max_bytes_for_level_multiplier_addtl[0]: 1
2020/11/02-19:25:42.565381 7f95af2ea700 Options.max_bytes_for_level_multiplier_addtl[1]: 1
2020/11/02-19:25:42.565382 7f95af2ea700 Options.max_bytes_for_level_multiplier_addtl[2]: 1
2020/11/02-19:25:42.565383 7f95af2ea700 Options.max_bytes_for_level_multiplier_addtl[3]: 1
2020/11/02-19:25:42.565384 7f95af2ea700 Options.max_bytes_for_level_multiplier_addtl[4]: 1
2020/11/02-19:25:42.565385 7f95af2ea700 Options.max_bytes_for_level_multiplier_addtl[5]: 1
2020/11/02-19:25:42.565386 7f95af2ea700 Options.max_bytes_for_level_multiplier_addtl[6]: 1
2020/11/02-19:25:42.565387 7f95af2ea700       Options.max_sequential_skip_in_iterations: 8
2020/11/02-19:25:42.565389 7f95af2ea700                    Options.max_compaction_bytes: 1677721600
2020/11/02-19:25:42.565390 7f95af2ea700                        Options.arena_block_size: 8388608
2020/11/02-19:25:42.565391 7f95af2ea700   Options.soft_pending_compaction_bytes_limit: 68719476736
2020/11/02-19:25:42.565392 7f95af2ea700   Options.hard_pending_compaction_bytes_limit: 274877906944
2020/11/02-19:25:42.565393 7f95af2ea700       Options.rate_limit_delay_max_milliseconds: 100
2020/11/02-19:25:42.565394 7f95af2ea700                Options.disable_auto_compactions: 0
2020/11/02-19:25:42.565395 7f95af2ea700                        Options.compaction_style: kCompactionStyleLevel
2020/11/02-19:25:42.565396 7f95af2ea700                          Options.compaction_pri: kByCompensatedSize
2020/11/02-19:25:42.565397 7f95af2ea700 Options.compaction_options_universal.size_ratio: 1
2020/11/02-19:25:42.565398 7f95af2ea700 Options.compaction_options_universal.min_merge_width: 2
2020/11/02-19:25:42.565400 7f95af2ea700 Options.compaction_options_universal.max_merge_width: 4294967295
2020/11/02-19:25:42.565401 7f95af2ea700 Options.compaction_options_universal.max_size_amplification_percent: 200
2020/11/02-19:25:42.565402 7f95af2ea700 Options.compaction_options_universal.compression_size_percent: -1
2020/11/02-19:25:42.565403 7f95af2ea700 Options.compaction_options_universal.stop_style: kCompactionStopStyleTotalSize
2020/11/02-19:25:42.565404 7f95af2ea700 Options.compaction_options_fifo.max_table_files_size: 1073741824
2020/11/02-19:25:42.565405 7f95af2ea700 Options.compaction_options_fifo.allow_compaction: 0
2020/11/02-19:25:42.565411 7f95af2ea700 Options.compaction_options_fifo.ttl: 0
2020/11/02-19:25:42.565412 7f95af2ea700                   Options.table_properties_collectors: 
2020/11/02-19:25:42.565413 7f95af2ea700                   Options.inplace_update_support: 0
2020/11/02-19:25:42.565414 7f95af2ea700                 Options.inplace_update_num_locks: 10000
2020/11/02-19:25:42.565415 7f95af2ea700               Options.memtable_prefix_bloom_size_ratio: 0.000000
2020/11/02-19:25:42.565417 7f95af2ea700   Options.memtable_huge_page_size: 0
2020/11/02-19:25:42.565418 7f95af2ea700                           Options.bloom_locality: 0
2020/11/02-19:25:42.565419 7f95af2ea700                    Options.max_successive_merges: 0
2020/11/02-19:25:42.565420 7f95af2ea700                Options.optimize_filters_for_hits: 0
2020/11/02-19:25:42.565421 7f95af2ea700                Options.paranoid_file_checks: 0
2020/11/02-19:25:42.565422 7f95af2ea700                Options.force_consistency_checks: 0
2020/11/02-19:25:42.565423 7f95af2ea700                Options.report_bg_io_stats: 0
2020/11/02-19:25:42.565424 7f95af2ea700                               Options.ttl: 0
2020/11/02-19:25:42.565445 7f95af2ea700 [db/column_family.cc:475] --------------- Options for column family [options]:
2020/11/02-19:25:42.565448 7f95af2ea700               Options.comparator: leveldb.BytewiseComparator
2020/11/02-19:25:42.565449 7f95af2ea700           Options.merge_operator: None
2020/11/02-19:25:42.565450 7f95af2ea700        Options.compaction_filter: None
2020/11/02-19:25:42.565451 7f95af2ea700        Options.compaction_filter_factory: None
2020/11/02-19:25:42.565452 7f95af2ea700         Options.memtable_factory: SkipListFactory
2020/11/02-19:25:42.565453 7f95af2ea700            Options.table_factory: BlockBasedTable
2020/11/02-19:25:42.565471 7f95af2ea700            table_factory options:   flush_block_policy_factory: FlushBlockBySizePolicyFactory (0x7f95ab9187e0)
  cache_index_and_filter_blocks: 0
  cache_index_and_filter_blocks_with_high_priority: 0
  pin_l0_filter_and_index_blocks_in_cache: 0
  index_type: 0
  hash_index_allow_collision: 1
  checksum: 1
  no_block_cache: 0
  block_cache: 0x7f95ab918820
  block_cache_name: LRUCache
  block_cache_options:
    capacity : 8388608
    num_shard_bits : 4
    strict_capacity_limit : 0
    high_pri_pool_ratio: 0.000
  block_cache_compressed: (nil)
  persistent_cache: (nil)
  block_size: 4096
  block_size_deviation: 10
  block_restart_interval: 16
  index_block_restart_interval: 1
  metadata_block_size: 4096
  partition_filters: 0
  use_delta_encoding: 1
  filter_policy: nullptr
  whole_key_filtering: 1
  verify_compression: 0
  read_amp_bytes_per_bit: 0
  format_version: 2
  enable_index_compression: 1
  block_align: 0
2020/11/02-19:25:42.565472 7f95af2ea700        Options.write_buffer_size: 67108864
2020/11/02-19:25:42.565473 7f95af2ea700  Options.max_write_buffer_number: 2
2020/11/02-19:25:42.565475 7f95af2ea700          Options.compression: Snappy
2020/11/02-19:25:42.565476 7f95af2ea700                  Options.bottommost_compression: Disabled
2020/11/02-19:25:42.565477 7f95af2ea700       Options.prefix_extractor: nullptr
2020/11/02-19:25:42.565478 7f95af2ea700   Options.memtable_insert_with_hint_prefix_extractor: nullptr
2020/11/02-19:25:42.565479 7f95af2ea700             Options.num_levels: 7
2020/11/02-19:25:42.565480 7f95af2ea700        Options.min_write_buffer_number_to_merge: 1
2020/11/02-19:25:42.565481 7f95af2ea700     Options.max_write_buffer_number_to_maintain: 0
2020/11/02-19:25:42.565482 7f95af2ea700            Options.compression_opts.window_bits: -14
2020/11/02-19:25:42.565483 7f95af2ea700                  Options.compression_opts.level: -1
2020/11/02-19:25:42.565485 7f95af2ea700               Options.compression_opts.strategy: 0
2020/11/02-19:25:42.565486 7f95af2ea700         Options.compression_opts.max_dict_bytes: 0
2020/11/02-19:25:42.565487 7f95af2ea700         Options.compression_opts.zstd_max_train_bytes: 0
2020/11/02-19:25:42.565488 7f95af2ea700      Options.level0_file_num_compaction_trigger: 4
2020/11/02-19:25:42.565495 7f95af2ea700          Options.level0_slowdown_writes_trigger: 20
2020/11/02-19:25:42.565496 7f95af2ea700              Options.level0_stop_writes_trigger: 36
2020/11/02-19:25:42.565497 7f95af2ea700                   Options.target_file_size_base: 67108864
2020/11/02-19:25:42.565498 7f95af2ea700             Options.target_file_size_multiplier: 1
2020/11/02-19:25:42.565500 7f95af2ea700                Options.max_bytes_for_level_base: 268435456
2020/11/02-19:25:42.565501 7f95af2ea700 Options.level_compaction_dynamic_level_bytes: 0
2020/11/02-19:25:42.565502 7f95af2ea700          Options.max_bytes_for_level_multiplier: 10.000000
2020/11/02-19:25:42.565503 7f95af2ea700 Options.max_bytes_for_level_multiplier_addtl[0]: 1
2020/11/02-19:25:42.565505 7f95af2ea700 Options.max_bytes_for_level_multiplier_addtl[1]: 1
2020/11/02-19:25:42.565506 7f95af2ea700 Options.max_bytes_for_level_multiplier_addtl[2]: 1
2020/11/02-19:25:42.565507 7f95af2ea700 Options.max_bytes_for_level_multiplier_addtl[3]: 1
2020/11/02-19:25:42.565508 7f95af2ea700 Options.max_bytes_for_level_multiplier_addtl[4]: 1
2020/11/02-19:25:42.565509 7f95af2ea700 Options.max_bytes_for_level_multiplier_addtl[5]: 1
2020/11/02-19:25:42.565510 7f95af2ea700 Options.max_bytes_for_level_multiplier_addtl[6]: 1
2020/11/02-19:25:42.565511 7f95af2ea700       Options.max_sequential_skip_in_iterations: 8
2020/11/02-19:25:42.565512 7f95af2ea700                    Options.max_compaction_bytes: 1677721600
2020/11/02-19:25:42.565513 7f95af2ea700                        Options.arena_block_size: 8388608
2020/11/02-19:25:42.565514 7f95af2ea700   Options.soft_pending_compaction_bytes_limit: 68719476736
2020/11/02-19:25:42.565516 7f95af2ea700   Options.hard_pending_compaction_bytes_limit: 274877906944
2020/11/02-19:25:42.565517 7f95af2ea700       Options.rate_limit_delay_max_milliseconds: 100
2020/11/02-19:25:42.565518 7f95af2ea700                Options.disable_auto_compactions: 0
2020/11/02-19:25:42.565519 7f95af2ea700                        Options.compaction_style: kCompactionStyleLevel
2020/11/02-19:25:42.565520 7f95af2ea700                          Options.compaction_pri: kByCompensatedSize
2020/11/02-19:25:42.565521 7f95af2ea700 Options.compaction_options_universal.size_ratio: 1
2020/11/02-19:25:42.565522 7f95af2ea700 Options.compaction_options_universal.min_merge_width: 2
2020/11/02-19:25:42.565523 7f95af2ea700 Options.compaction_options_universal.max_merge_width: 4294967295
2020/11/02-19:25:42.565524 7f95af2ea700 Options.compaction_options_universal.max_size_amplification_percent: 200
2020/11/02-19:25:42.565525 7f95af2ea700 Options.compaction_options_universal.compression_size_percent: -1
2020/11/02-19:25:42.565526 7f95af2ea700 Options.compaction_options_universal.stop_style: kCompactionStopStyleTotalSize
2020/11/02-19:25:42.565527 7f95af2ea700 Options.compaction_options_fifo.max_table_files_size: 1073741824
2020/11/02-19:25:42.565529 7f95af2ea700 Options.compaction_options_fifo.allow_compaction: 0
2020/11/02-19:25:42.565530 7f95af2ea700 Options.compaction_options_fifo.ttl: 0
2020/11/02-19:25:42.565531 7f95af2ea700                   Options.table_properties_collectors: 
2020/11/02-19:25:42.565532 7f95af2ea700                   Options.inplace_update_support: 0
2020/11/02-19:25:42.565533 7f95af2ea700                 Options.inplace_update_num_locks: 10000
2020/11/02-19:25:42.565534 7f95af2ea700               Options.memtable_prefix_bloom_size_ratio: 0.000000
2020/11/02-19:25:42.565535 7f95af2ea700   Options.memtable_huge_page_size: 0
2020/11/02-19:25:42.565536 7f95af2ea700                           Options.bloom_locality: 0
2020/11/02-19:25:42.565537 7f95af2ea700                    Options.max_successive_merges: 0
2020/11/02-19:25:42.565538 7f95af2ea700                Options.optimize_filters_for_hits: 0
2020/11/02-19:25:42.565539 7f95af2ea700                Options.paranoid_file_checks: 0
2020/11/02-19:25:42.565540 7f95af2ea700                Options.force_consistency_checks: 0
2020/11/02-19:25:42.565541 7f95af2ea700                Options.report_bg_io_stats: 0
2020/11/02-19:25:42.565547 7f95af2ea700                               Options.ttl: 0
2020/11/02-19:25:42.565573 7f95af2ea700 [db/column_family.cc:475] --------------- Options for column family [configuration]:
2020/11/02-19:25:42.565575 7f95af2ea700               Options.comparator: leveldb.BytewiseComparator
2020/11/02-19:25:42.565576 7f95af2ea700           Options.merge_operator: None
2020/11/02-19:25:42.565577 7f95af2ea700        Options.compaction_filter: None
2020/11/02-19:25:42.565578 7f95af2ea700        Options.compaction_filter_factory: None
2020/11/02-19:25:42.565579 7f95af2ea700         Options.memtable_factory: SkipListFactory
2020/11/02-19:25:42.565580 7f95af2ea700            Options.table_factory: BlockBasedTable
2020/11/02-19:25:42.565600 7f95af2ea700            table_factory options:   flush_block_policy_factory: FlushBlockBySizePolicyFactory (0x7f95ab9194a0)
  cache_index_and_filter_blocks: 0
  cache_index_and_filter_blocks_with_high_priority: 0
  pin_l0_filter_and_index_blocks_in_cache: 0
  index_type: 0
  hash_index_allow_collision: 1
  checksum: 1
  no_block_cache: 0
  block_cache: 0x7f95ab9194e0
  block_cache_name: LRUCache
  block_cache_options:
    capacity : 8388608
    num_shard_bits : 4
    strict_capacity_limit : 0
    high_pri_pool_ratio: 0.000
  block_cache_compressed: (nil)
  persistent_cache: (nil)
  block_size: 4096
  block_size_deviation: 10
  block_restart_interval: 16
  index_block_restart_interval: 1
  metadata_block_size: 4096
  partition_filters: 0
  use_delta_encoding: 1
  filter_policy: nullptr
  whole_key_filtering: 1
  verify_compression: 0
  read_amp_bytes_per_bit: 0
  format_version: 2
  enable_index_compression: 1
  block_align: 0
2020/11/02-19:25:42.565602 7f95af2ea700        Options.write_buffer_size: 67108864
2020/11/02-19:25:42.565603 7f95af2ea700  Options.max_write_buffer_number: 2
2020/11/02-19:25:42.565604 7f95af2ea700          Options.compression: Snappy
2020/11/02-19:25:42.565605 7f95af2ea700                  Options.bottommost_compression: Disabled
2020/11/02-19:25:42.565606 7f95af2ea700       Options.prefix_extractor: nullptr
2020/11/02-19:25:42.565607 7f95af2ea700   Options.memtable_insert_with_hint_prefix_extractor: nullptr
2020/11/02-19:25:42.565608 7f95af2ea700             Options.num_levels: 7
2020/11/02-19:25:42.565609 7f95af2ea700        Options.min_write_buffer_number_to_merge: 1
2020/11/02-19:25:42.565611 7f95af2ea700     Options.max_write_buffer_number_to_maintain: 0
2020/11/02-19:25:42.565612 7f95af2ea700            Options.compression_opts.window_bits: -14
2020/11/02-19:25:42.565613 7f95af2ea700                  Options.compression_opts.level: -1
2020/11/02-19:25:42.565614 7f95af2ea700               Options.compression_opts.strategy: 0
2020/11/02-19:25:42.565615 7f95af2ea700         Options.compression_opts.max_dict_bytes: 0
2020/11/02-19:25:42.565616 7f95af2ea700         Options.compression_opts.zstd_max_train_bytes: 0
2020/11/02-19:25:42.565617 7f95af2ea700      Options.level0_file_num_compaction_trigger: 4
2020/11/02-19:25:42.565618 7f95af2ea700          Options.level0_slowdown_writes_trigger: 20
2020/11/02-19:25:42.565619 7f95af2ea700              Options.level0_stop_writes_trigger: 36
2020/11/02-19:25:42.565620 7f95af2ea700                   Options.target_file_size_base: 67108864
2020/11/02-19:25:42.565621 7f95af2ea700             Options.target_file_size_multiplier: 1
2020/11/02-19:25:42.565622 7f95af2ea700                Options.max_bytes_for_level_base: 268435456
2020/11/02-19:25:42.565623 7f95af2ea700 Options.level_compaction_dynamic_level_bytes: 0
2020/11/02-19:25:42.565624 7f95af2ea700          Options.max_bytes_for_level_multiplier: 10.000000
2020/11/02-19:25:42.565626 7f95af2ea700 Options.max_bytes_for_level_multiplier_addtl[0]: 1
2020/11/02-19:25:42.565627 7f95af2ea700 Options.max_bytes_for_level_multiplier_addtl[1]: 1
2020/11/02-19:25:42.565628 7f95af2ea700 Options.max_bytes_for_level_multiplier_addtl[2]: 1
2020/11/02-19:25:42.565629 7f95af2ea700 Options.max_bytes_for_level_multiplier_addtl[3]: 1
2020/11/02-19:25:42.565630 7f95af2ea700 Options.max_bytes_for_level_multiplier_addtl[4]: 1
2020/11/02-19:25:42.565638 7f95af2ea700 Options.max_bytes_for_level_multiplier_addtl[5]: 1
2020/11/02-19:25:42.565639 7f95af2ea700 Options.max_bytes_for_level_multiplier_addtl[6]: 1
2020/11/02-19:25:42.565640 7f95af2ea700       Options.max_sequential_skip_in_iterations: 8
2020/11/02-19:25:42.565641 7f95af2ea700                    Options.max_compaction_bytes: 1677721600
2020/11/02-19:25:42.565642 7f95af2ea700                        Options.arena_block_size: 8388608
2020/11/02-19:25:42.565643 7f95af2ea700   Options.soft_pending_compaction_bytes_limit: 68719476736
2020/11/02-19:25:42.565644 7f95af2ea700   Options.hard_pending_compaction_bytes_limit: 274877906944
2020/11/02-19:25:42.565646 7f95af2ea700       Options.rate_limit_delay_max_milliseconds: 100
2020/11/02-19:25:42.565647 7f95af2ea700                Options.disable_auto_compactions: 0
2020/11/02-19:25:42.565648 7f95af2ea700                        Options.compaction_style: kCompactionStyleLevel
2020/11/02-19:25:42.565649 7f95af2ea700                          Options.compaction_pri: kByCompensatedSize
2020/11/02-19:25:42.565650 7f95af2ea700 Options.compaction_options_universal.size_ratio: 1
2020/11/02-19:25:42.565651 7f95af2ea700 Options.compaction_options_universal.min_merge_width: 2
2020/11/02-19:25:42.565652 7f95af2ea700 Options.compaction_options_universal.max_merge_width: 4294967295
2020/11/02-19:25:42.565653 7f95af2ea700 Options.compaction_options_universal.max_size_amplification_percent: 200
2020/11/02-19:25:42.565654 7f95af2ea700 Options.compaction_options_universal.compression_size_percent: -1
2020/11/02-19:25:42.565655 7f95af2ea700 Options.compaction_options_universal.stop_style: kCompactionStopStyleTotalSize
2020/11/02-19:25:42.565656 7f95af2ea700 Options.compaction_options_fifo.max_table_files_size: 1073741824
2020/11/02-19:25:42.565658 7f95af2ea700 Options.compaction_options_fifo.allow_compaction: 0
2020/11/02-19:25:42.565659 7f95af2ea700 Options.compaction_options_fifo.ttl: 0
2020/11/02-19:25:42.565660 7f95af2ea700                   Options.table_properties_collectors: 
2020/11/02-19:25:42.565661 7f95af2ea700                   Options.inplace_update_support: 0
2020/11/02-19:25:42.565662 7f95af2ea700                 Options.inplace_update_num_locks: 10000
2020/11/02-19:25:42.565663 7f95af2ea700               Options.memtable_prefix_bloom_size_ratio: 0.000000
2020/11/02-19:25:42.565664 7f95af2ea700   Options.memtable_huge_page_size: 0
2020/11/02-19:25:42.565665 7f95af2ea700                           Options.bloom_locality: 0
2020/11/02-19:25:42.565666 7f95af2ea700                    Options.max_successive_merges: 0
2020/11/02-19:25:42.565667 7f95af2ea700                Options.optimize_filters_for_hits: 0
2020/11/02-19:25:42.565668 7f95af2ea700                Options.paranoid_file_checks: 0
2020/11/02-19:25:42.565669 7f95af2ea700                Options.force_consistency_checks: 0
2020/11/02-19:25:42.565670 7f95af2ea700                Options.report_bg_io_stats: 0
2020/11/02-19:25:42.565671 7f95af2ea700                               Options.ttl: 0
2020/11/02-19:25:42.565689 7f95af2ea700 [db/column_family.cc:475] --------------- Options for column family [catalog-source-data]:
2020/11/02-19:25:42.565691 7f95af2ea700               Options.comparator: leveldb.BytewiseComparator
2020/11/02-19:25:42.565692 7f95af2ea700           Options.merge_operator: None
2020/11/02-19:25:42.565693 7f95af2ea700        Options.compaction_filter: None
2020/11/02-19:25:42.565694 7f95af2ea700        Options.compaction_filter_factory: None
2020/11/02-19:25:42.565695 7f95af2ea700         Options.memtable_factory: SkipListFactory
2020/11/02-19:25:42.565697 7f95af2ea700            Options.table_factory: BlockBasedTable
2020/11/02-19:25:42.565710 7f95af2ea700            table_factory options:   flush_block_policy_factory: FlushBlockBySizePolicyFactory (0x7f95ab91e780)
  cache_index_and_filter_blocks: 0
  cache_index_and_filter_blocks_with_high_priority: 0
  pin_l0_filter_and_index_blocks_in_cache: 0
  index_type: 0
  hash_index_allow_collision: 1
  checksum: 1
  no_block_cache: 0
  block_cache: 0x7f95ab919550
  block_cache_name: LRUCache
  block_cache_options:
    capacity : 8388608
    num_shard_bits : 4
    strict_capacity_limit : 0
    high_pri_pool_ratio: 0.000
  block_cache_compressed: (nil)
  persistent_cache: (nil)
  block_size: 4096
  block_size_deviation: 10
  block_restart_interval: 16
  index_block_restart_interval: 1
  metadata_block_size: 4096
  partition_filters: 0
  use_delta_encoding: 1
  filter_policy: nullptr
  whole_key_filtering: 1
  verify_compression: 0
  read_amp_bytes_per_bit: 0
  format_version: 2
  enable_index_compression: 1
  block_align: 0
2020/11/02-19:25:42.565719 7f95af2ea700        Options.write_buffer_size: 67108864
2020/11/02-19:25:42.565720 7f95af2ea700  Options.max_write_buffer_number: 2
2020/11/02-19:25:42.565722 7f95af2ea700          Options.compression: Snappy
2020/11/02-19:25:42.565723 7f95af2ea700                  Options.bottommost_compression: Disabled
2020/11/02-19:25:42.565724 7f95af2ea700       Options.prefix_extractor: nullptr
2020/11/02-19:25:42.565725 7f95af2ea700   Options.memtable_insert_with_hint_prefix_extractor: nullptr
2020/11/02-19:25:42.565726 7f95af2ea700             Options.num_levels: 7
2020/11/02-19:25:42.565727 7f95af2ea700        Options.min_write_buffer_number_to_merge: 1
2020/11/02-19:25:42.565728 7f95af2ea700     Options.max_write_buffer_number_to_maintain: 0
2020/11/02-19:25:42.565729 7f95af2ea700            Options.compression_opts.window_bits: -14
2020/11/02-19:25:42.565730 7f95af2ea700                  Options.compression_opts.level: -1
2020/11/02-19:25:42.565731 7f95af2ea700               Options.compression_opts.strategy: 0
2020/11/02-19:25:42.565732 7f95af2ea700         Options.compression_opts.max_dict_bytes: 0
2020/11/02-19:25:42.565734 7f95af2ea700         Options.compression_opts.zstd_max_train_bytes: 0
2020/11/02-19:25:42.565735 7f95af2ea700      Options.level0_file_num_compaction_trigger: 4
2020/11/02-19:25:42.565736 7f95af2ea700          Options.level0_slowdown_writes_trigger: 20
2020/11/02-19:25:42.565737 7f95af2ea700              Options.level0_stop_writes_trigger: 36
2020/11/02-19:25:42.565738 7f95af2ea700                   Options.target_file_size_base: 67108864
2020/11/02-19:25:42.565739 7f95af2ea700             Options.target_file_size_multiplier: 1
2020/11/02-19:25:42.565740 7f95af2ea700                Options.max_bytes_for_level_base: 268435456
2020/11/02-19:25:42.565741 7f95af2ea700 Options.level_compaction_dynamic_level_bytes: 0
2020/11/02-19:25:42.565742 7f95af2ea700          Options.max_bytes_for_level_multiplier: 10.000000
2020/11/02-19:25:42.565744 7f95af2ea700 Options.max_bytes_for_level_multiplier_addtl[0]: 1
2020/11/02-19:25:42.565745 7f95af2ea700 Options.max_bytes_for_level_multiplier_addtl[1]: 1
2020/11/02-19:25:42.565746 7f95af2ea700 Options.max_bytes_for_level_multiplier_addtl[2]: 1
2020/11/02-19:25:42.565747 7f95af2ea700 Options.max_bytes_for_level_multiplier_addtl[3]: 1
